1 2 1 2 2 6 1 3 2 2 1 1 2 2 3 1 1
2 2 2 15 1 5 3 2 2 4 3 5 1 3 2 6 3 6 1 6 3 1 2
3 10 3 8 1 5 2 5 2 3 1 12 1 2 2 9 3 6 2 11 1
4 2 2 3 3 1 1 17 2 1 3 1 1 1 2 5 1
5 4 2 13 1 3 3 14 3 5 2 5 1 2 3 7 2 3 1 5 2 11 3 10 1
6 1 2 4 1 1 3 19 1 5 2 15 1 1 2 1 3 8 2 12 1 19 2 7 1 2 3 14 1 12 2
7 1 3 3 1 3 2 4 2 1 3 6 1 5 2
8 1 2 1 2 16 1 1 3 3 1 1 2 1 3 1 2 2 3 9 1
9 5 2 1 1 6 1 4 3 1 2 9 2 7 1 6 3 11 1 12 2 4 3
10 12 2 4 3 7 1 6 3 2 1 7 2 6 3 6 1
11 18 2 2 1 19 2 14 1 9 3 8 3 12 1 5 2 4 2 12 1 14 1 7 2 10 3
12 8 1 4 3 4 2 1 1 2 3 1 3 11 2 12 1
13 5 2 4 3 4 1 4 1 5 3 2 2 1 1 5 3 10 2
14 14 1 1 2 2 2 3 3 7 1 2 1 4 3 3 2 8 1 4 3 2 2 14 1 4 3 3 2 9 1 6 3
15 17 3 5 1 1 2 1 2 2 1 3 1 2 2 11 3 4 1 2 2
16 5 1 5 2 1 3 5 3 15 1 13 2 3 3 6 1 12 2 1 2 13 1 9 3 15 3 13 2 6 1 5 2 7 1 3 3
17 17 1 9 3 19 1 9 3 2 2 18 1 1 2 8 3 10 3 2 1 1 2 7 1 5 3 1 2 2 2 2 1 5 3
18 1 3 9 2 1 1 8 2 5 3 4 3 9 2 1 1 6 2 3 2 3 3 1 1 1 1 1 3 4 2
19 3 3 3 1 1 3 2 1 4 2 4 2 2 1 7 3 1 1
20 1 3 2 1 6 2 4 1 10 2 5 3 7 2 1 3 3 2 10 1 1 3 3 3 11 1 2 2 10 2 1 3 11 1
21 1 2 17 3 8 1 13 2 8 3 7 1 7 3 10 2 2 1
22 4 2 13 3 13 3 10 2 8 2 12 3 3 1 6 2 3 3 3 1
23 11 2 7 1 11 3 11 1 12 2 3 1 7 1 7 2 15 3 10 2 5 3
24 1 3 15 2 6 1 2 1 1 3 5 2 13 2 1 3 7 1 1 3 19 2 1 3 12 1 13 2 1 3 2 1
25 15 2 1 3 2 1 9 2 5 3 16 2 4 1 3 3 2 1 7 2
26 5 3 1 1 9 3 1 2 1 1 1 1 1 2 4 3
27 3 1 4 3 2 2 2 1 3 3 1 3 1 1 5 2
28 1 1 3 2 6 3 5 1 2 3 3 2 6 2 4 1
29 8 2 6 1 18 3 18 3 2 2 8 1 2 1 14 3 2 2 2 1 4 2 19 3 11 2 9 1 8 3
30 9 1 11 3 6 2 4 1 6 2 1 3 13 3 1 1 1 2 7 1 1 2 1 3
31 11 1 3 2 3 2 2 1 6 1 4 2 4 3 9 1 4 2 2 1 3 3 2 1 1 3 6 2
32 4 1 16 3 12 2 10 3 7 2 3 1 7 3 4 2 1 2 8 3 3 1
33 6 2 2 3 2 1 1 1 3 2 7 3 9 3 1 2 10 3 1 2 1 1 8 3 4 1 6 2 1 2 2 1 7 3
34 4 3 6 1 7 1 5 2 3 3 2 3 1 1 5 3 2 2
35 8 2 1 3 12 3 6 2 13 3 9 3 4 2 5 2 1 1 7 3 5 3 1 1 6 2
36 10 1 4 3 6 2 15 3 1 2 2 1 16 1 14 3 2 2
37 3 2 1 1 2 3 5 3 2 2 4 1 2 1 3 2 4 3 4 1 1 2 3 1 4 3 3 2
38 9 1 1 2 16 3 1 2 4 3 1 1 10 3 1 1 1 2 3 1 17 3 7 3 5 1
39 9 1 16 3 3 2 8 2 3 1 3 3 8 3 13 1 1 2 3 1 17 3 3 2 11 3 9 1 3 2
40 4 3 2 2 8 1 3 3 7 3
41 3 3 10 2 7 1 1 3 8 2 4 3 1 1 8 2 7 1 4 3
42 6 2 5 3 1 1 5 3 2 1 6 2 1 2 3 1 3 3 1 1 1 3 8 2 2 1 10 2 4 1 6 2
43 12 3 9 2 9 1 8 3 6 1 2 2 1 2 8 3 12 1 15 3 5 2 13 1 15 3 7 2 8 1 16 3 11 1 8 2
44 4 2 16 3 1 1 5 2 1 3 1 3 1 2 11 3 1 1 3 2 10 3 1 1 15 3 1 1 3 2
45 12 3 6 2 9 1 5 1 6 3 2 2 4 3 5 2 5 1 2 2 6 3 8 1 9 1 7 2 7 3
46 7 3 1 1 1 2 2 3 2 1 3 1
47 10 3 11 2 1 1 10 2 4 1 6 3 16 2 20 2 2 3 1 2 3 1 6 3 4 1 5 3 13 2
48 1 1 4 3 3 2 20 3 1 1 8 2 1 1 12 2 12 3
49 5 2 8 1 2 3 2 3 2 1 1 2 3 1 3 3 3 3 12 2
50 7 2 8 1 2 3 6 2 1 2 1 3 7 1
51 19 1 13 3 4 2 9 2 10 1 2 3 2 2 20 1 20 1 2 2 6 2 10 3 5 1
52 1 1 13 2 11 2 15 2 1 1 9 2 1 3
53 7 3 3 2 1 1 6 3 6 2 7 3 1 1 6 2
54 12 1 1 2 14 1 10 2 1 2 7 1 4 3
55 1 3 5 2 3 1 3 2 4 1 6 1 1 3 4 2
56 5 1 1 3 2 2 6 2 4 1 6 2 6 2 2 3 2 1 4 1 2 2 2 3 4 1 2 3
57 6 2 3 3 8 3 6 2 5 1 5 1 2 2 12 3 5 1 7 2 5 3
58 2 3 1 1 4 2 1 1 14 2 2 2 2 3 1 1
59 10 1 11 3 6 2 2 3 8 2 1 2 5 3 15 1 3 1 7 3 9 2 9 2 9 3 14 1 8 2 13 3 15 1
60 1 3 11 1 7 2 7 1 3 3 16 1 3 3 2 2 2 1 9 2 2 3 2 3 8 1 9 2 15 1 1 3 9 2
61 8 2 15 3 16 3 1 2 1 2 11 3 1 2 9 3 1 1 8 2 9 3 8 3 15 2
62 5 2 4 3 1 3 2 2 1 1 16 2 2 3 1 3 16 2 1 1 13 2 2 3
63 1 1 1 3 1 2 1 1 1 2 1 2 2 1 1 3 2 1
64 5 1 1 3 5 2 10 1 4 2 2 3 8 1 1 3
65 1 1 8 2 10 3 11 3 5 2 1 1 2 1 5 3 1 2 8 2 7 3
66 5 1 1 2 1 3 7 1 4 1 15 2 1 3 8 1 4 2 1 3 15 2 3 1
67 15 2 7 3 1 1 8 2 7 3 5 3 1 1 4 2 2 2 9 3 1 1 6 3
68 14 2 17 1 1 1 2 3 17 2 10 2 3 1 7 2 2 3
69 8 2 12 1 11 3 8 1 2 3 10 2 2 2 6 3 2 1 10 1 12 2 3 3
70 2 3 8 2 9 2 2 1 2 1 5 2 3 2 2 3 3 1 4 1 1 3
71 3 2 4 3 13 1 13 3 4 2 3 1 1 3 1 2 7 3 3 1 3 2 9 3 13 1 10 1 12 3 5 2
72 4 2 17 1 4 3 4 2 2 3 1 1 10 3 1 2 3 2 2 3 15 1 3 2 6 1 10 3
73 14 2 9 1 6 3 10 1 4 2 7 3 9 2 5 1 6 3 6 1 2 3 5 3 7 1 14 2 4 2 6 3 5 1
74 19 3 7 2 1 1 12 3 11 2 1 1 2 1 5 3 14 2 5 2 5 3 7 1
75 12 2 5 3 12 1 17 2 10 1 7 3 1 3 8 1 1 2 11 1 10 2 4 3 1 3 10 2 1 2 5 3 7 1
76 9 2 2 1 3 3 6 1 13 2 5 3 14 2 9 1 2 3 1 3 6 1 2 2 8 1 10 2 1 3 2 1 15 2 7 3
77 5 3 2 2 1 1 4 3 14 1 3 3 1 2 8 1 13 1 8 3 17 3 2 2 9 1 11 3 1 2
78 5 3 4 2 4 1 1 1 9 2 4 3 8 2
79 5 3 6 1 2 3 1 2 9 1 3 2 8 1 1 2 5 3 2 2 5 1
80 1 2 2 3 8 1 9 2 12 1 17 2 8 1 11 3
81 8 1 11 2 13 3 9 1 14 3 14 2 14 3 11 2 1 1 5 1 13 2 3 3 4 2 9 1 2 3 11 1 5 3 2 2
82 13 2 2 1 1 3 10 2 2 3 2 3 11 2 4 1 1 2 3 3 14 2 1 3 2 1
83 6 3 2 1 3 3 11 1 1 2 12 1 1 2 1 3 2 1 10 1 6 3
84 1 2 13 3 2 1 4 1 17 3 18 2 17 2 13 3 4 1 4 3 15 2 3 1 3 1 15 3 1 1 12 2
85 11 2 7 1 7 2 4 3 6 1 8 1 7 3 2 2 11 2 10 1 3 3
86 10 2 5 3 4 3 7 1 16 2 8 1 1 3 12 2
87 7 1 3 2 1 3 5 1 14 2 13 1 4 2 19 2 9 1 12 2 1 1
88 5 1 16 3 2 2 14 3 1 1 14 3 1 2
89 1 2 2 3 1 1 10 3 4 3 2 2 14 3 14 3 1 1 2 2
90 1 3 13 2 1 1 4 3 1 1 17 2 9 2 7 3 5 1 1 3 3 1 15 2 3 1 4 3 15 2
91 1 2 9 2 2 1 2 3 3 3 12 2 1 1 2 1 1 3 6 2
92 1 2 4 3 10 1 12 3 9 1 3 2 10 3 8 1 2 2
93 7 3 5 1 2 2 1 3 6 1 1 3 6 1
94 8 1 3 2 8 3 3 1 1 2 4 3 4 2 17 3 2 1 2 2 9 1 7 3 13 1 4 2 18 3
95 9 3 11 2 14 2 10 3 11 1 13 3 10 2 1 1 6 1 4 2 1 3 9 3 13 2
96 3 1 3 2 16 2 2 3 7 3 3 1 16 2 10 2 1 1
97 4 1 6 3 2 1 13 1 6 3 3 2 1 2 12 1 3 2 2 3 16 1
98 1 1 6 2 7 3 14 1 3 2 2 3 16 3 14 1 11 2 5 3 9 1 1 2 15 3
99 3 3 8 2 1 1 4 2 1 3 2 1 1 1 4 2 2 3 4 2
100 8 1 2 3 1 2 2 3 4 1 2 2 9 1 1 2 2 2 2 1 3 1 5 3 5 3 8 1